0.00000,0.00000,0.00000,0.00000,-0.00019,-0.47627,-0.81579,
0.00000,0.00001,0.00001,0.00000,-0.00019,-0.47627,-0.81578,
0.00000,0.00002,0.00002,0.00001,-0.00017,-0.47625,-0.81575,
0.00000,0.00005,0.00005,0.00003,-0.00015,-0.47623,-0.81571,
0.00000,0.00010,0.00010,0.00005,-0.00011,-0.47619,-0.81565,
0.00000,0.00015,0.00015,0.00008,-0.00006,-0.47615,-0.81558,
0.00000,0.00022,0.00022,0.00011,-0.00001,-0.47610,-0.81549,
0.00000,0.00030,0.00030,0.00015,0.00006,-0.47603,-0.81538,
0.00000,0.00039,0.00039,0.00019,0.00013,-0.47596,-0.81526,
0.00000,0.00049,0.00049,0.00025,0.00022,-0.47588,-0.81512,
0.00000,0.00061,0.00061,0.00030,0.00031,-0.47579,-0.81497,
0.00000,0.00073,0.00073,0.00037,0.00042,-0.47568,-0.81479,
0.00000,0.00087,0.00087,0.00044,0.00054,-0.47557,-0.81461,
0.00000,0.00102,0.00102,0.00051,0.00066,-0.47545,-0.81440,
0.00000,0.00119,0.00119,0.00059,0.00080,-0.47532,-0.81418,
0.00000,0.00136,0.00136,0.00068,0.00094,-0.47518,-0.81394,
0.00000,0.00155,0.00155,0.00077,0.00110,-0.47503,-0.81369,
0.00000,0.00175,0.00175,0.00087,0.00127,-0.47487,-0.81342,
0.00000,0.00196,0.00196,0.00098,0.00144,-0.47470,-0.81313,
0.00000,0.00219,0.00219,0.00109,0.00163,-0.47452,-0.81283,
0.00000,0.00242,0.00242,0.00121,0.00183,-0.47433,-0.81251,
0.00000,0.00267,0.00267,0.00133,0.00203,-0.47413,-0.81217,
0.00000,0.00293,0.00293,0.00146,0.00225,-0.47392,-0.81182,
0.00000,0.00320,0.00320,0.00160,0.00248,-0.47370,-0.81145,
0.00000,0.00349,0.00349,0.00174,0.00271,-0.47347,-0.81107,
0.00000,0.00378,0.00378,0.00189,0.00296,-0.47323,-0.81067,
0.00000,0.00409,0.00409,0.00205,0.00322,-0.47299,-0.81025,
0.00000,0.00441,0.00441,0.00221,0.00349,-0.47273,-0.80982,
0.00000,0.00474,0.00474,0.00237,0.00376,-0.47246,-0.80937,
0.00000,0.00509,0.00509,0.00254,0.00405,-0.47219,-0.80890,
0.00000,0.00544,0.00544,0.00272,0.00435,-0.47190,-0.80842,
0.00000,0.00581,0.00581,0.00291,0.00465,-0.47160,-0.80792,
0.00000,0.00619,0.00619,0.00310,0.00497,-0.47130,-0.80741,
0.00000,0.00659,0.00659,0.00329,0.00530,-0.47098,-0.80688,
0.00000,0.00699,0.00699,0.00350,0.00564,-0.47066,-0.80633,
0.00000,0.00741,0.00741,0.00370,0.00598,-0.47032,-0.80577,
0.00000,0.00784,0.00784,0.00392,0.00634,-0.46998,-0.80519,
0.00000,0.00828,0.00828,0.00414,0.00671,-0.46963,-0.80459,
0.00000,0.00873,0.00873,0.00436,0.00708,-0.46926,-0.80398,
0.00000,0.00919,0.00919,0.00460,0.00747,-0.46889,-0.80335,
0.00000,0.00967,0.00967,0.00483,0.00787,-0.46851,-0.80271,
0.00000,0.01016,0.01016,0.00508,0.00828,-0.46811,-0.80204,
0.00000,0.01066,0.01066,0.00533,0.00869,-0.46771,-0.80137,
0.00000,0.01117,0.01117,0.00559,0.00912,-0.46730,-0.80067,
0.00000,0.01170,0.01170,0.00585,0.00956,-0.46688,-0.79997,
0.00000,0.01223,0.01223,0.00612,0.01000,-0.46645,-0.79924,
0.00000,0.01278,0.01278,0.00639,0.01046,-0.46601,-0.79850,
0.00000,0.01334,0.01334,0.00667,0.01093,-0.46556,-0.79774,
0.00000,0.01391,0.01391,0.00696,0.01140,-0.46510,-0.79697,
0.00000,0.01450,0.01450,0.00725,0.01189,-0.46463,-0.79618,
0.00000,0.01509,0.01509,0.00755,0.01239,-0.46415,-0.79537,
0.00000,0.01570,0.01570,0.00785,0.01289,-0.46366,-0.79455,
0.00000,0.01632,0.01632,0.00816,0.01341,-0.46317,-0.79371,
0.00000,0.01695,0.01695,0.00847,0.01394,-0.46266,-0.79286,
0.00000,0.01759,0.01759,0.00880,0.01447,-0.46214,-0.79199,
0.00000,0.01825,0.01825,0.00912,0.01502,-0.46162,-0.79110,
0.00000,0.01891,0.01891,0.00946,0.01557,-0.46108,-0.79020,
0.00000,0.01959,0.01959,0.00980,0.01614,-0.46053,-0.78928,
0.00000,0.02028,0.02028,0.01014,0.01672,-0.45998,-0.78835,
0.00000,0.02099,0.02099,0.01049,0.01730,-0.45942,-0.78740,
0.00000,0.02170,0.02170,0.01085,0.01790,-0.45884,-0.78643,
0.00000,0.02243,0.02243,0.01121,0.01850,-0.45826,-0.78545,
0.00000,0.02316,0.02316,0.01158,0.01912,-0.45767,-0.78445,
0.00000,0.02391,0.02391,0.01196,0.01974,-0.45707,-0.78344,
0.00000,0.02467,0.02467,0.01234,0.02037,-0.45645,-0.78241,
0.00000,0.02545,0.02545,0.01272,0.02102,-0.45583,-0.78136,
0.00000,0.02623,0.02623,0.01312,0.02167,-0.45520,-0.78030,
0.00000,0.02703,0.02703,0.01351,0.02234,-0.45456,-0.77922,
0.00000,0.02784,0.02784,0.01392,0.02301,-0.45391,-0.77813,
0.00000,0.02866,0.02866,0.01433,0.02369,-0.45326,-0.77702,
0.00000,0.02949,0.02949,0.01474,0.02439,-0.45259,-0.77590,
0.00000,0.03033,0.03033,0.01517,0.02509,-0.45191,-0.77476,
0.00000,0.03119,0.03119,0.01559,0.02580,-0.45122,-0.77360,
0.00000,0.03205,0.03205,0.01603,0.02652,-0.45053,-0.77243,
0.00000,0.03293,0.03293,0.01646,0.02725,-0.44982,-0.77124,
0.00000,0.03382,0.03382,0.01691,0.02800,-0.44911,-0.77004,
0.00000,0.03472,0.03472,0.01736,0.02875,-0.44839,-0.76882,
0.00000,0.03563,0.03563,0.01782,0.02951,-0.44765,-0.76759,
0.00000,0.03656,0.03656,0.01828,0.03028,-0.44691,-0.76634,
0.00000,0.03749,0.03749,0.01875,0.03106,-0.44616,-0.76507,
0.00000,0.03844,0.03844,0.01922,0.03185,-0.44540,-0.76379,
0.00000,0.03940,0.03940,0.01970,0.03265,-0.44463,-0.76249,
0.00000,0.04037,0.04037,0.02018,0.03346,-0.44385,-0.76118,
0.00000,0.04135,0.04135,0.02068,0.03427,-0.44306,-0.75985,
0.00000,0.04234,0.04234,0.02117,0.03510,-0.44226,-0.75851,
0.00000,0.04335,0.04335,0.02167,0.03594,-0.44145,-0.75715,
0.00000,0.04437,0.04437,0.02218,0.03679,-0.44064,-0.75577,
0.00000,0.04539,0.04539,0.02270,0.03764,-0.43981,-0.75438,
0.00000,0.04643,0.04643,0.02322,0.03851,-0.43898,-0.75298,
0.00000,0.04748,0.04748,0.02374,0.03938,-0.43813,-0.75156,
0.00000,0.04854,0.04854,0.02427,0.04027,-0.43728,-0.75012,
0.00000,0.04962,0.04962,0.02481,0.04116,-0.43642,-0.74867,
0.00000,0.05070,0.05070,0.02535,0.04207,-0.43555,-0.74720,
0.00000,0.05180,0.05180,0.02590,0.04298,-0.43467,-0.74572,
0.00000,0.05291,0.05291,0.02645,0.04390,-0.43378,-0.74422,
0.00000,0.05402,0.05402,0.02701,0.04484,-0.43288,-0.74271,
0.00000,0.05515,0.05515,0.02758,0.04578,-0.43197,-0.74118,
0.00000,0.05629,0.05629,0.02815,0.04673,-0.43106,-0.73964,
0.00000,0.05745,0.05745,0.02872,0.04769,-0.43013,-0.73808,
0.00000,0.05861,0.05861,0.02931,0.04866,-0.42920,-0.73650,
0.00000,0.05978,0.05978,0.02989,0.04964,-0.42825,-0.73492,
0.00000,0.06097,0.06097,0.03049,0.05063,-0.42730,-0.73331,
0.00000,0.06217,0.06217,0.03108,0.05162,-0.42634,-0.73169,
0.00000,0.06338,0.06338,0.03169,0.05263,-0.42537,-0.73006,
0.00000,0.06460,0.06460,0.03230,0.05365,-0.42439,-0.72841,
0.00000,0.06583,0.06583,0.03291,0.05467,-0.42340,-0.72674,
0.00000,0.06707,0.06707,0.03353,0.05571,-0.42240,-0.72506,
0.00000,0.06832,0.06832,0.03416,0.05675,-0.42140,-0.72337,
0.00000,0.06958,0.06958,0.03479,0.05780,-0.42038,-0.72166,
0.00000,0.07086,0.07086,0.03543,0.05887,-0.41936,-0.71994,
0.00000,0.07214,0.07214,0.03607,0.05994,-0.41833,-0.71820,
0.00000,0.07344,0.07344,0.03672,0.06102,-0.41728,-0.71644,
0.00000,0.07475,0.07475,0.03737,0.06211,-0.41623,-0.71467,
0.00000,0.07607,0.07607,0.03803,0.06321,-0.41517,-0.71289,
0.00000,0.07740,0.07740,0.03870,0.06432,-0.41411,-0.71109,
0.00000,0.07874,0.07874,0.03937,0.06543,-0.41303,-0.70928,
0.00000,0.08009,0.08009,0.04004,0.06656,-0.41194,-0.70745,
0.00000,0.08145,0.08145,0.04073,0.06770,-0.41085,-0.70561,
0.00000,0.08282,0.08282,0.04141,0.06884,-0.40975,-0.70375,
0.00000,0.08421,0.08421,0.04210,0.06999,-0.40864,-0.70188,
0.00000,0.08560,0.08560,0.04280,0.07116,-0.40752,-0.69999,
0.00000,0.08701,0.08701,0.04350,0.07233,-0.40639,-0.69809,
0.00000,0.08843,0.08843,0.04421,0.07351,-0.40525,-0.69617,
0.00000,0.08985,0.08985,0.04493,0.07470,-0.40410,-0.69424,
0.00000,0.09129,0.09129,0.04565,0.07590,-0.40295,-0.69230,
0.00000,0.09274,0.09274,0.04637,0.07710,-0.40178,-0.69034,
0.00000,0.09420,0.09420,0.04710,0.07832,-0.40061,-0.68837,
0.00000,0.09567,0.09567,0.04783,0.07954,-0.39943,-0.68638,
0.00000,0.09715,0.09715,0.04857,0.08078,-0.39824,-0.68437,
0.00000,0.09864,0.09864,0.04932,0.08202,-0.39704,-0.68236,
0.00000,0.10014,0.10014,0.05007,0.08327,-0.39584,-0.68033,
0.00000,0.10165,0.10165,0.05083,0.08453,-0.39462,-0.67828,
0.00000,0.10318,0.10318,0.05159,0.08580,-0.39340,-0.67622,
0.00000,0.10471,0.10471,0.05235,0.08708,-0.39217,-0.67415,
0.00000,0.10625,0.10625,0.05313,0.08837,-0.39093,-0.67206,
0.00000,0.10781,0.10781,0.05390,0.08966,-0.38968,-0.66996,
0.00000,0.10937,0.10937,0.05469,0.09097,-0.38842,-0.66784,
0.00000,0.11095,0.11095,0.05547,0.09228,-0.38716,-0.66571,
0.00000,0.11253,0.11253,0.05627,0.09360,-0.38588,-0.66356,
0.00000,0.11413,0.11413,0.05706,0.09493,-0.38460,-0.66140,
0.00000,0.11574,0.11574,0.05787,0.09627,-0.38331,-0.65923,
0.00000,0.11735,0.11735,0.05868,0.09762,-0.38201,-0.65704,
0.00000,0.11898,0.11898,0.05949,0.09897,-0.38071,-0.65484,
0.00000,0.12062,0.12062,0.06031,0.10034,-0.37939,-0.65263,
0.00000,0.12226,0.12226,0.06113,0.10171,-0.37807,-0.65040,
0.00000,0.12392,0.12392,0.06196,0.10309,-0.37674,-0.64816,
0.00000,0.12559,0.12559,0.06280,0.10448,-0.37540,-0.64590,
0.00000,0.12727,0.12727,0.06363,0.10588,-0.37405,-0.64363,
0.00000,0.12896,0.12896,0.06448,0.10729,-0.37269,-0.64135,
0.00000,0.13065,0.13065,0.06533,0.10870,-0.37133,-0.63905,
0.00000,0.13236,0.13236,0.06618,0.11013,-0.36996,-0.63674,
0.00000,0.13408,0.13408,0.06704,0.11156,-0.36858,-0.63442,
0.00000,0.13581,0.13581,0.06791,0.11300,-0.36719,-0.63208,
0.00000,0.13755,0.13755,0.06877,0.11445,-0.36579,-0.62973,
0.00000,0.13930,0.13930,0.06965,0.11591,-0.36439,-0.62736,
0.00000,0.14106,0.14106,0.07053,0.11737,-0.36298,-0.62498,
0.00000,0.14282,0.14282,0.07141,0.11885,-0.36155,-0.62259,
0.00000,0.14460,0.14460,0.07230,0.12033,-0.36013,-0.62018,
0.00000,0.14639,0.14639,0.07320,0.12182,-0.35869,-0.61776,
0.00000,0.14819,0.14819,0.07409,0.12332,-0.35725,-0.61533,
0.00000,0.15000,0.15000,0.07500,0.12483,-0.35579,-0.61289,
0.00000,0.15182,0.15182,0.07591,0.12634,-0.35433,-0.61043,
0.00000,0.15364,0.15364,0.07682,0.12786,-0.35287,-0.60796,
0.00000,0.15548,0.15548,0.07774,0.12940,-0.35139,-0.60547,
0.00000,0.15733,0.15733,0.07866,0.13093,-0.34991,-0.60297,
0.00000,0.15918,0.15918,0.07959,0.13248,-0.34842,-0.60046,
0.00000,0.16105,0.16105,0.08053,0.13404,-0.34692,-0.59794,
0.00000,0.16293,0.16293,0.08146,0.13560,-0.34541,-0.59540,
0.00000,0.16481,0.16481,0.08241,0.13717,-0.34389,-0.59285,
0.00000,0.16671,0.16671,0.08335,0.13875,-0.34237,-0.59028,
0.00000,0.16861,0.16861,0.08431,0.14034,-0.34084,-0.58771,
0.00000,0.17053,0.17053,0.08526,0.14193,-0.33931,-0.58512,
0.00000,0.17245,0.17245,0.08622,0.14354,-0.33776,-0.58252,
0.00000,0.17438,0.17438,0.08719,0.14515,-0.33621,-0.57990,
0.00000,0.17633,0.17633,0.08816,0.14677,-0.33465,-0.57727,
0.00000,0.17828,0.17828,0.08914,0.14840,-0.33308,-0.57463,
0.00000,0.18024,0.18024,0.09012,0.15003,-0.33150,-0.57198,
0.00000,0.18221,0.18221,0.09110,0.15167,-0.32992,-0.56932,
0.00000,0.18419,0.18419,0.09209,0.15332,-0.32833,-0.56664,
0.00000,0.18618,0.18618,0.09309,0.15498,-0.32673,-0.56395,
0.00000,0.18818,0.18818,0.09409,0.15665,-0.32513,-0.56124,
0.00000,0.19018,0.19018,0.09509,0.15832,-0.32352,-0.55853,
0.00000,0.19220,0.19220,0.09610,0.16000,-0.32190,-0.55580,
0.00000,0.19423,0.19423,0.09711,0.16169,-0.32027,-0.55306,
0.00000,0.19626,0.19626,0.09813,0.16339,-0.31863,-0.55031,
0.00000,0.19831,0.19831,0.09915,0.16509,-0.31699,-0.54754,
0.00000,0.20036,0.20036,0.10018,0.16680,-0.31534,-0.54476,
0.00000,0.20242,0.20242,0.10121,0.16852,-0.31369,-0.54197,
0.00000,0.20449,0.20449,0.10225,0.17025,-0.31202,-0.53917,
0.00000,0.20657,0.20657,0.10329,0.17198,-0.31035,-0.53636,
0.00000,0.20866,0.20866,0.10433,0.17372,-0.30867,-0.53353,
0.00000,0.21076,0.21076,0.10538,0.17547,-0.30699,-0.53069,
0.00000,0.21287,0.21287,0.10643,0.17722,-0.30530,-0.52784,
0.00000,0.21498,0.21498,0.10749,0.17899,-0.30360,-0.52498,
0.00000,0.21711,0.21711,0.10855,0.18076,-0.30189,-0.52211,
0.00000,0.21924,0.21924,0.10962,0.18254,-0.30018,-0.51922,
0.00000,0.22138,0.22138,0.11069,0.18432,-0.29846,-0.51633,
0.00000,0.22353,0.22353,0.11177,0.18611,-0.29673,-0.51342,
0.00000,0.22569,0.22569,0.11285,0.18791,-0.29499,-0.51050,
0.00000,0.22786,0.22786,0.11393,0.18972,-0.29325,-0.50756,
0.00000,0.23004,0.23004,0.11502,0.19154,-0.29151,-0.50462,
0.00000,0.23222,0.23222,0.11611,0.19336,-0.28975,-0.50166,
0.00000,0.23442,0.23442,0.11721,0.19518,-0.28799,-0.49870,
0.00000,0.23662,0.23662,0.11831,0.19702,-0.28622,-0.49572,
0.00000,0.23883,0.23883,0.11941,0.19886,-0.28444,-0.49273,
0.00000,0.24105,0.24105,0.12052,0.20071,-0.28266,-0.48972,
0.00000,0.24328,0.24328,0.12164,0.20257,-0.28087,-0.48671,
0.00000,0.24551,0.24551,0.12276,0.20443,-0.27908,-0.48369,
0.00000,0.24776,0.24776,0.12388,0.20630,-0.27727,-0.48065,
0.00000,0.25001,0.25001,0.12500,0.20818,-0.27546,-0.47760,
0.00000,0.25227,0.25227,0.12613,0.21006,-0.27365,-0.47455,
0.00000,0.25454,0.25454,0.12727,0.21196,-0.27183,-0.47148,
0.00000,0.25682,0.25682,0.12841,0.21385,-0.27000,-0.46840,
0.00000,0.25910,0.25910,0.12955,0.21576,-0.26816,-0.46531,
0.00000,0.26139,0.26139,0.13070,0.21767,-0.26632,-0.46220,
0.00000,0.26370,0.26370,0.13185,0.21959,-0.26447,-0.45909,
0.00000,0.26601,0.26601,0.13300,0.22151,-0.26262,-0.45597,
0.00000,0.26832,0.26832,0.13416,0.22344,-0.26075,-0.45283,
0.00000,0.27065,0.27065,0.13532,0.22538,-0.25889,-0.44969,
0.00000,0.27298,0.27298,0.13649,0.22733,-0.25701,-0.44653,
0.00000,0.27532,0.27532,0.13766,0.22928,-0.25513,-0.44336,
0.00000,0.27767,0.27767,0.13884,0.23124,-0.25325,-0.44018,
0.00000,0.28003,0.28003,0.14001,0.23320,-0.25135,-0.43700,
0.00000,0.28239,0.28239,0.14120,0.23517,-0.24945,-0.43380,
0.00000,0.28477,0.28477,0.14238,0.23715,-0.24755,-0.43059,
0.00000,0.28715,0.28715,0.14357,0.23913,-0.24563,-0.42737,
0.00000,0.28953,0.28953,0.14477,0.24112,-0.24372,-0.42414,
0.00000,0.29193,0.29193,0.14597,0.24312,-0.24179,-0.42090,
0.00000,0.29433,0.29433,0.14717,0.24512,-0.23986,-0.41765,
0.00000,0.29674,0.29674,0.14837,0.24713,-0.23793,-0.41439,
0.00000,0.29916,0.29916,0.14958,0.24915,-0.23598,-0.41111,
0.00000,0.30159,0.30159,0.15079,0.25117,-0.23404,-0.40783,
0.00000,0.30402,0.30402,0.15201,0.25320,-0.23208,-0.40454,
0.00000,0.30646,0.30646,0.15323,0.25523,-0.23012,-0.40124,
0.00000,0.30891,0.30891,0.15446,0.25727,-0.22815,-0.39793,
0.00000,0.31137,0.31137,0.15568,0.25932,-0.22618,-0.39461,
0.00000,0.31383,0.31383,0.15691,0.26137,-0.22420,-0.39128,
0.00000,0.31630,0.31630,0.15815,0.26343,-0.22222,-0.38793,
0.00000,0.31878,0.31878,0.15939,0.26550,-0.22023,-0.38458,
0.00000,0.32126,0.32126,0.16063,0.26757,-0.21823,-0.38122,
0.00000,0.32375,0.32375,0.16188,0.26964,-0.21623,-0.37785,
0.00000,0.32625,0.32625,0.16313,0.27173,-0.21423,-0.37447,
0.00000,0.32876,0.32876,0.16438,0.27381,-0.21221,-0.37108,
0.00000,0.33127,0.33127,0.16564,0.27591,-0.21019,-0.36768,
0.00000,0.33379,0.33379,0.16690,0.27801,-0.20817,-0.36427,
0.00000,0.33632,0.33632,0.16816,0.28011,-0.20614,-0.36086,
0.00000,0.33885,0.33885,0.16943,0.28223,-0.20411,-0.35743,
0.00000,0.34139,0.34139,0.17070,0.28434,-0.20207,-0.35399,
0.00000,0.34394,0.34394,0.17197,0.28647,-0.20002,-0.35055,
0.00000,0.34649,0.34649,0.17325,0.28860,-0.19797,-0.34709,
0.00000,0.34905,0.34905,0.17453,0.29073,-0.19591,-0.34363,
0.00000,0.35162,0.35162,0.17581,0.29287,-0.19385,-0.34015,
0.00000,0.35420,0.35420,0.17710,0.29502,-0.19178,-0.33667,
0.00000,0.35678,0.35678,0.17839,0.29717,-0.18971,-0.33318,
0.00000,0.35937,0.35937,0.17968,0.29932,-0.18763,-0.32968,
0.00000,0.36196,0.36196,0.18098,0.30149,-0.18554,-0.32617,
0.00000,0.36456,0.36456,0.18228,0.30365,-0.18346,-0.32265,
0.00000,0.36717,0.36717,0.18358,0.30583,-0.18136,-0.31912,
0.00000,0.36978,0.36978,0.18489,0.30801,-0.17926,-0.31559,
0.00000,0.37240,0.37240,0.18620,0.31019,-0.17716,-0.31205,
0.00000,0.37503,0.37503,0.18751,0.31238,-0.17505,-0.30849,
0.00000,0.37766,0.37766,0.18883,0.31457,-0.17293,-0.30493,
0.00000,0.38030,0.38030,0.19015,0.31677,-0.17081,-0.30136,
0.00000,0.38295,0.38295,0.19147,0.31898,-0.16869,-0.29778,
0.00000,0.38560,0.38560,0.19280,0.32119,-0.16656,-0.29420,
0.00000,0.38826,0.38826,0.19413,0.32340,-0.16442,-0.29060,
0.00000,0.39092,0.39092,0.19546,0.32562,-0.16228,-0.28700,
0.00000,0.39359,0.39359,0.19679,0.32785,-0.16014,-0.28339,
0.00000,0.39627,0.39627,0.19813,0.33008,-0.15799,-0.27977,
0.00000,0.39895,0.39895,0.19947,0.33231,-0.15584,-0.27614,
0.00000,0.40164,0.40164,0.20082,0.33455,-0.15368,-0.27250,
0.00000,0.40433,0.40433,0.20216,0.33680,-0.15151,-0.26886,
0.00000,0.40703,0.40703,0.20351,0.33905,-0.14934,-0.26521,
0.00000,0.40974,0.40974,0.20487,0.34131,-0.14717,-0.26155,
0.00000,0.41245,0.41245,0.20622,0.34357,-0.14499,-0.25788,
0.00000,0.41516,0.41516,0.20758,0.34583,-0.14281,-0.25420,
0.00000,0.41789,0.41789,0.20894,0.34810,-0.14062,-0.25052,
0.00000,0.42062,0.42062,0.21031,0.35037,-0.13843,-0.24683,
0.00000,0.42335,0.42335,0.21167,0.35265,-0.13624,-0.24313,
0.00000,0.42609,0.42609,0.21304,0.35494,-0.13404,-0.23942,
0.00000,0.42883,0.42883,0.21442,0.35722,-0.13183,-0.23571,
0.00000,0.43159,0.43159,0.21579,0.35952,-0.12962,-0.23199,
0.00000,0.43434,0.43434,0.21717,0.36181,-0.12741,-0.22826,
0.00000,0.43710,0.43710,0.21855,0.36412,-0.12519,-0.22452,
0.00000,0.43987,0.43987,0.21994,0.36642,-0.12297,-0.22078,
0.00000,0.44264,0.44264,0.22132,0.36873,-0.12074,-0.21703,
0.00000,0.44542,0.44542,0.22271,0.37105,-0.11851,-0.21327,
0.00000,0.44820,0.44820,0.22410,0.37337,-0.11627,-0.20951,
0.00000,0.45099,0.45099,0.22550,0.37569,-0.11403,-0.20574,
0.00000,0.45379,0.45379,0.22689,0.37802,-0.11179,-0.20196,
0.00000,0.45658,0.45658,0.22829,0.38035,-0.10954,-0.19817,
0.00000,0.45939,0.45939,0.22969,0.38269,-0.10729,-0.19438,
0.00000,0.46220,0.46220,0.23110,0.38503,-0.10504,-0.19058,
0.00000,0.46501,0.46501,0.23250,0.38737,-0.10278,-0.18678,
0.00000,0.46783,0.46783,0.23391,0.38972,-0.10051,-0.18297,
0.00000,0.47065,0.47065,0.23533,0.39208,-0.09824,-0.17915,
0.00000,0.47348,0.47348,0.23674,0.39443,-0.09597,-0.17532,
0.00000,0.47631,0.47631,0.23816,0.39679,-0.09370,-0.17149,
0.00000,0.47915,0.47915,0.23957,0.39916,-0.09142,-0.16765,
0.00000,0.48199,0.48199,0.24100,0.40153,-0.08913,-0.16381,
0.00000,0.48484,0.48484,0.24242,0.40390,-0.08685,-0.15995,
0.00000,0.48769,0.48769,0.24385,0.40628,-0.08456,-0.15610,
0.00000,0.49055,0.49055,0.24527,0.40866,-0.08226,-0.15223,
0.00000,0.49341,0.49341,0.24670,0.41104,-0.07996,-0.14836,
0.00000,0.49627,0.49627,0.24814,0.41343,-0.07766,-0.14449,
0.00000,0.49914,0.49914,0.24957,0.41582,-0.07536,-0.14060,
0.00000,0.50202,0.50202,0.25101,0.41822,-0.07305,-0.13672,
0.00000,0.50490,0.50490,0.25245,0.42062,-0.07074,-0.13282,
0.00000,0.50778,0.50778,0.25389,0.42302,-0.06842,-0.12892,
0.00000,0.51067,0.51067,0.25533,0.42543,-0.06610,-0.12502,
0.00000,0.51356,0.51356,0.25678,0.42784,-0.06378,-0.12111,
0.00000,0.51645,0.51645,0.25823,0.43025,-0.06145,-0.11719,
0.00000,0.51935,0.51935,0.25968,0.43267,-0.05913,-0.11327,
0.00000,0.52226,0.52226,0.26113,0.43509,-0.05679,-0.10934,
0.00000,0.52517,0.52517,0.26258,0.43751,-0.05446,-0.10540,
0.00000,0.52808,0.52808,0.26404,0.43994,-0.05212,-0.10147,
0.00000,0.53099,0.53099,0.26550,0.44237,-0.04978,-0.09752,
0.00000,0.53391,0.53391,0.26696,0.44480,-0.04743,-0.09357,
0.00000,0.53684,0.53684,0.26842,0.44724,-0.04508,-0.08962,
0.00000,0.53977,0.53977,0.26988,0.44968,-0.04273,-0.08566,
0.00000,0.54270,0.54270,0.27135,0.45212,-0.04038,-0.08169,
0.00000,0.54563,0.54563,0.27282,0.45457,-0.03802,-0.07772,
0.00000,0.54857,0.54857,0.27429,0.45702,-0.03566,-0.07375,
0.00000,0.55151,0.55151,0.27576,0.45947,-0.03329,-0.06977,
0.00000,0.55446,0.55446,0.27723,0.46193,-0.03093,-0.06578,
0.00000,0.55741,0.55741,0.27870,0.46438,-0.02856,-0.06179,
0.00000,0.56036,0.56036,0.28018,0.46685,-0.02619,-0.05780,
0.00000,0.56332,0.56332,0.28166,0.46931,-0.02381,-0.05380,
0.00000,0.56628,0.56628,0.28314,0.47178,-0.02143,-0.04979,
0.00000,0.56924,0.56924,0.28462,0.47425,-0.01905,-0.04578,
0.00000,0.57221,0.57221,0.28610,0.47672,-0.01667,-0.04177,
0.00000,0.57518,0.57518,0.28759,0.47920,-0.01429,-0.03775,
0.00000,0.57815,0.57815,0.28908,0.48167,-0.01190,-0.03373,
0.00000,0.58113,0.58113,0.29056,0.48415,-0.00951,-0.02970,
0.00000,0.58411,0.58411,0.29205,0.48664,-0.00711,-0.02567,
0.00000,0.58709,0.58709,0.29355,0.48912,-0.00472,-0.02164,
0.00000,0.59008,0.59008,0.29504,0.49161,-0.00232,-0.01760,
0.00000,0.59307,0.59307,0.29653,0.49410,0.00008,-0.01356,
0.00000,0.59606,0.59606,0.29803,0.49660,0.00248,-0.00951,
0.00000,0.59905,0.59905,0.29953,0.49909,0.00489,-0.00546,
0.00000,0.60205,0.60205,0.30103,0.50159,0.00730,-0.00140,
0.00000,0.60505,0.60505,0.30253,0.50409,0.00971,0.00265,
0.00000,0.60805,0.60805,0.30403,0.50659,0.01212,0.00672,
0.00000,0.61106,0.61106,0.30553,0.50910,0.01453,0.01078,
0.00000,0.61407,0.61407,0.30703,0.51161,0.01695,0.01485,
0.00000,0.61708,0.61708,0.30854,0.51412,0.01937,0.01893,
0.00000,0.62009,0.62009,0.31005,0.51663,0.02179,0.02300,
0.00000,0.62311,0.62311,0.31156,0.51914,0.02421,0.02708,
0.00000,0.62613,0.62613,0.31306,0.52166,0.02664,0.03117,
0.00000,0.62915,0.62915,0.31458,0.52418,0.02906,0.03525,
0.00000,0.63217,0.63217,0.31609,0.52670,0.03149,0.03934,
0.00000,0.63520,0.63520,0.31760,0.52922,0.03392,0.04344,
0.00000,0.63823,0.63823,0.31911,0.53174,0.03636,0.04753,
0.00000,0.64126,0.64126,0.32063,0.53427,0.03879,0.05163,
0.00000,0.64429,0.64429,0.32215,0.53680,0.04123,0.05574,
0.00000,0.64733,0.64733,0.32366,0.53933,0.04366,0.05984,
0.00000,0.65037,0.65037,0.32518,0.54186,0.04610,0.06395,
0.00000,0.65340,0.65340,0.32670,0.54439,0.04855,0.06806,
0.00000,0.65645,0.65645,0.32822,0.54693,0.05099,0.07218,
0.00000,0.65949,0.65949,0.32974,0.54946,0.05343,0.07629,
0.00000,0.66253,0.66253,0.33127,0.55200,0.05588,0.08041,
0.00000,0.66558,0.66558,0.33279,0.55454,0.05833,0.08453,
0.00000,0.66863,0.66863,0.33432,0.55708,0.06077,0.08866,
0.00000,0.67168,0.67168,0.33584,0.55963,0.06323,0.09278,
0.00000,0.67473,0.67473,0.33737,0.56217,0.06568,0.09691,
0.00000,0.67779,0.67779,0.33889,0.56472,0.06813,0.10105,
0.00000,0.68084,0.68084,0.34042,0.56726,0.07059,0.10518,
0.00000,0.68390,0.68390,0.34195,0.56981,0.07304,0.10931,
0.00000,0.68696,0.68696,0.34348,0.57236,0.07550,0.11345,
0.00000,0.69002,0.69002,0.34501,0.57491,0.07796,0.11759,
0.00000,0.69308,0.69308,0.34654,0.57746,0.08042,0.12174,
0.00000,0.69615,0.69615,0.34807,0.58002,0.08288,0.12588,
0.00000,0.69921,0.69921,0.34961,0.58257,0.08534,0.13003,
0.00000,0.70228,0.70228,0.35114,0.58513,0.08780,0.13417,
0.00000,0.70535,0.70535,0.35267,0.58768,0.09027,0.13832,
0.00000,0.70842,0.70842,0.35421,0.59024,0.09273,0.14247,
0.00000,0.71149,0.71149,0.35574,0.59280,0.09520,0.14663,
0.00000,0.71456,0.71456,0.35728,0.59536,0.09766,0.15078,
0.00000,0.71763,0.71763,0.35881,0.59792,0.10013,0.15494,
0.00000,0.72070,0.72070,0.36035,0.60048,0.10260,0.15909,
0.00000,0.72378,0.72378,0.36189,0.60304,0.10507,0.16325,
0.00000,0.72685,0.72685,0.36343,0.60561,0.10754,0.16741,
0.00000,0.72993,0.72993,0.36496,0.60817,0.11001,0.17157,
0.00000,0.73300,0.73300,0.36650,0.61074,0.11248,0.17573,
0.00000,0.73608,0.73608,0.36804,0.61330,0.11495,0.17990,
0.00000,0.73916,0.73916,0.36958,0.61587,0.11743,0.18406,
0.00000,0.74224,0.74224,0.37112,0.61843,0.11990,0.18823,
0.00000,0.74532,0.74532,0.37266,0.62100,0.12237,0.19239,
0.00000,0.74840,0.74840,0.37420,0.62357,0.12485,0.19656,
0.00000,0.75148,0.75148,0.37574,0.62614,0.12732,0.20073,
0.00000,0.75456,0.75456,0.37728,0.62870,0.12980,0.20490,
0.00000,0.75765,0.75765,0.37882,0.63127,0.13227,0.20907,
0.00000,0.76073,0.76073,0.38036,0.63384,0.13475,0.21324,
0.00000,0.76381,0.76381,0.38191,0.63641,0.13722,0.21741,
0.00000,0.76689,0.76689,0.38345,0.63898,0.13970,0.22158,
0.00000,0.76998,0.76998,0.38499,0.64155,0.14218,0.22575,
0.00000,0.77306,0.77306,0.38653,0.64412,0.14465,0.22992,
0.00000,0.77615,0.77615,0.38807,0.64669,0.14713,0.23409,
0.00000,0.77923,0.77923,0.38961,0.64926,0.14961,0.23826,
0.00000,0.78231,0.78231,0.39116,0.65183,0.15209,0.24243,
0.00000,0.78540,0.78540,0.39270,0.65440,0.15456,0.24661,
0.00000,0.78848,0.78848,0.39424,0.65697,0.15704,0.25078,
0.00000,0.79157,0.79157,0.39578,0.65954,0.15952,0.25495,
0.00000,0.79465,0.79465,0.39733,0.66211,0.16199,0.25912,
0.00000,0.79773,0.79773,0.39887,0.66469,0.16447,0.26329,
0.00000,0.80082,0.80082,0.40041,0.66726,0.16695,0.26746,
0.00000,0.80390,0.80390,0.40195,0.66983,0.16943,0.27164,
0.00000,0.80699,0.80699,0.40349,0.67239,0.17190,0.27581,
0.00000,0.81007,0.81007,0.40503,0.67496,0.17438,0.27998,
0.00000,0.81315,0.81315,0.40658,0.67753,0.17685,0.28415,
0.00000,0.81623,0.81623,0.40812,0.68010,0.17933,0.28832,
0.00000,0.81931,0.81931,0.40966,0.68267,0.18180,0.29248,
0.00000,0.82240,0.82240,0.41120,0.68524,0.18428,0.29665,
0.00000,0.82548,0.82548,0.41274,0.68781,0.18675,0.30082,
0.00000,0.82856,0.82856,0.41428,0.69037,0.18923,0.30498,
0.00000,0.83164,0.83164,0.41582,0.69294,0.19170,0.30915,
0.00000,0.83471,0.83471,0.41736,0.69551,0.19417,0.31331,
0.00000,0.83779,0.83779,0.41890,0.69807,0.19665,0.31748,
0.00000,0.84087,0.84087,0.42043,0.70064,0.19912,0.32164,
0.00000,0.84394,0.84394,0.42197,0.70320,0.20159,0.32580,
0.00000,0.84702,0.84702,0.42351,0.70576,0.20406,0.32996,
0.00000,0.85009,0.85009,0.42505,0.70832,0.20653,0.33412,
0.00000,0.85317,0.85317,0.42658,0.71089,0.20900,0.33828,
0.00000,0.85624,0.85624,0.42812,0.71345,0.21146,0.34243,
0.00000,0.85931,0.85931,0.42966,0.71601,0.21393,0.34659,
0.00000,0.86238,0.86238,0.43119,0.71856,0.21640,0.35074,
0.00000,0.86545,0.86545,0.43272,0.72112,0.21886,0.35489,
0.00000,0.86852,0.86852,0.43426,0.72368,0.22132,0.35904,
0.00000,0.87158,0.87158,0.43579,0.72623,0.22379,0.36319,
0.00000,0.87465,0.87465,0.43732,0.72879,0.22625,0.36733,
0.00000,0.87771,0.87771,0.43886,0.73134,0.22871,0.37148,
0.00000,0.88077,0.88077,0.44039,0.73389,0.23117,0.37562,
0.00000,0.88383,0.88383,0.44192,0.73645,0.23363,0.37976,
0.00000,0.88689,0.88689,0.44345,0.73900,0.23608,0.38390,
0.00000,0.88995,0.88995,0.44498,0.74154,0.23854,0.38803,
0.00000,0.89301,0.89301,0.44650,0.74409,0.24100,0.39217,
0.00000,0.89606,0.89606,0.44803,0.74664,0.24345,0.39630,
0.00000,0.89911,0.89911,0.44956,0.74918,0.24590,0.40043,
0.00000,0.90217,0.90217,0.45108,0.75172,0.24835,0.40455,
0.00000,0.90521,0.90521,0.45261,0.75426,0.25080,0.40868,
0.00000,0.90826,0.90826,0.45413,0.75680,0.25325,0.41280,
0.00000,0.91131,0.91131,0.45565,0.75934,0.25569,0.41692,
0.00000,0.91435,0.91435,0.45718,0.76188,0.25814,0.42104,
0.00000,0.91739,0.91739,0.45870,0.76441,0.26058,0.42515,
0.00000,0.92043,0.92043,0.46022,0.76695,0.26302,0.42926,
0.00000,0.92347,0.92347,0.46173,0.76948,0.26546,0.43337,
0.00000,0.92650,0.92650,0.46325,0.77201,0.26790,0.43748,
0.00000,0.92954,0.92954,0.46477,0.77454,0.27034,0.44158,
0.00000,0.93257,0.93257,0.46628,0.77706,0.27277,0.44568,
0.00000,0.93560,0.93560,0.46780,0.77959,0.27520,0.44977,
0.00000,0.93862,0.93862,0.46931,0.78211,0.27763,0.45387,
0.00000,0.94165,0.94165,0.47082,0.78463,0.28006,0.45796,
0.00000,0.94467,0.94467,0.47233,0.78715,0.28249,0.46205,
0.00000,0.94769,0.94769,0.47384,0.78966,0.28491,0.46613,
0.00000,0.95070,0.95070,0.47535,0.79218,0.28734,0.47021,
0.00000,0.95372,0.95372,0.47686,0.79469,0.28976,0.47429,
0.00000,0.95673,0.95673,0.47836,0.79720,0.29218,0.47836,
0.00000,0.95974,0.95974,0.47987,0.79971,0.29459,0.48243,
0.00000,0.96274,0.96274,0.48137,0.80221,0.29701,0.48650,
0.00000,0.96575,0.96575,0.48287,0.80471,0.29942,0.49056,
0.00000,0.96875,0.96875,0.48437,0.80721,0.30183,0.49462,
0.00000,0.97174,0.97174,0.48587,0.80971,0.30424,0.49867,
0.00000,0.97474,0.97474,0.48737,0.81221,0.30664,0.50272,
0.00000,0.97773,0.97773,0.48886,0.81470,0.30904,0.50677,
0.00000,0.98072,0.98072,0.49036,0.81719,0.31145,0.51081,
0.00000,0.98370,0.98370,0.49185,0.81968,0.31384,0.51485,
0.00000,0.98669,0.98669,0.49334,0.82217,0.31624,0.51889,
0.00000,0.98967,0.98967,0.49483,0.82465,0.31863,0.52292,
0.00000,0.99264,0.99264,0.49632,0.82713,0.32102,0.52694,
0.00000,0.99562,0.99562,0.49781,0.82961,0.32341,0.53096,
0.00000,0.99859,0.99859,0.49929,0.83209,0.32580,0.53498,
0.00000,1.00155,1.00155,0.50078,0.83456,0.32818,0.53899,
0.00000,1.00452,1.00452,0.50226,0.83703,0.33056,0.54300,
0.00000,1.00748,1.00748,0.50374,0.83950,0.33294,0.54701,
0.00000,1.01043,1.01043,0.50522,0.84196,0.33531,0.55101,
0.00000,1.01339,1.01339,0.50669,0.84442,0.33768,0.55500,
0.00000,1.01634,1.01634,0.50817,0.84688,0.34005,0.55899,
0.00000,1.01928,1.01928,0.50964,0.84934,0.34242,0.56298,
0.00000,1.02223,1.02223,0.51111,0.85179,0.34478,0.56696,
0.00000,1.02516,1.02516,0.51258,0.85424,0.34714,0.57093,
0.00000,1.02810,1.02810,0.51405,0.85668,0.34950,0.57490,
0.00000,1.03103,1.03103,0.51552,0.85913,0.35186,0.57887,
0.00000,1.03396,1.03396,0.51698,0.86157,0.35421,0.58283,
0.00000,1.03688,1.03688,0.51844,0.86400,0.35656,0.58678,
0.00000,1.03980,1.03980,0.51990,0.86644,0.35890,0.59073,
0.00000,1.04272,1.04272,0.52136,0.86887,0.36124,0.59468,
0.00000,1.04563,1.04563,0.52282,0.87129,0.36358,0.59862,
0.00000,1.04854,1.04854,0.52427,0.87372,0.36592,0.60255,
0.00000,1.05144,1.05144,0.52572,0.87614,0.36825,0.60648,
0.00000,1.05434,1.05434,0.52717,0.87856,0.37058,0.61040,
0.00000,1.05724,1.05724,0.52862,0.88097,0.37291,0.61432,
0.00000,1.06013,1.06013,0.53006,0.88338,0.37523,0.61823,
0.00000,1.06302,1.06302,0.53151,0.88579,0.37755,0.62213,
0.00000,1.06590,1.06590,0.53295,0.88819,0.37986,0.62603,
0.00000,1.06878,1.06878,0.53439,0.89059,0.38218,0.62993,
0.00000,1.07165,1.07165,0.53583,0.89298,0.38448,0.63382,
0.00000,1.07452,1.07452,0.53726,0.89538,0.38679,0.63770,
0.00000,1.07739,1.07739,0.53869,0.89776,0.38909,0.64157,
0.00000,1.08025,1.08025,0.54012,0.90015,0.39139,0.64544,
0.00000,1.08311,1.08311,0.54155,0.90253,0.39368,0.64931,
0.00000,1.08596,1.08596,0.54298,0.90491,0.39597,0.65317,
0.00000,1.08880,1.08880,0.54440,0.90728,0.39826,0.65702,
0.00000,1.09165,1.09165,0.54582,0.90965,0.40054,0.66086,
0.00000,1.09448,1.09448,0.54724,0.91201,0.40282,0.66470,
0.00000,1.09732,1.09732,0.54866,0.91437,0.40510,0.66853,
0.00000,1.10015,1.10015,0.55007,0.91673,0.40737,0.67236,
0.00000,1.10297,1.10297,0.55148,0.91908,0.40964,0.67618,
0.00000,1.10579,1.10579,0.55289,0.92143,0.41190,0.67999,
0.00000,1.10860,1.10860,0.55430,0.92378,0.41416,0.68379,
0.00000,1.11141,1.11141,0.55570,0.92612,0.41642,0.68759,
0.00000,1.11421,1.11421,0.55711,0.92846,0.41867,0.69139,
0.00000,1.11701,1.11701,0.55851,0.93079,0.42092,0.69517,
0.00000,1.11980,1.11980,0.55990,0.93312,0.42316,0.69895,
0.00000,1.12259,1.12259,0.56130,0.93544,0.42540,0.70272,
0.00000,1.12538,1.12538,0.56269,0.93776,0.42763,0.70649,
0.00000,1.12815,1.12815,0.56408,0.94007,0.42987,0.71024,
0.00000,1.13093,1.13093,0.56546,0.94238,0.43209,0.71399,
0.00000,1.13369,1.13369,0.56685,0.94469,0.43431,0.71774,
0.00000,1.13645,1.13645,0.56823,0.94699,0.43653,0.72147,
0.00000,1.13921,1.13921,0.56961,0.94929,0.43875,0.72520,
0.00000,1.14196,1.14196,0.57098,0.95158,0.44096,0.72892,
0.00000,1.14471,1.14471,0.57235,0.95387,0.44316,0.73263,
0.00000,1.14745,1.14745,0.57372,0.95615,0.44536,0.73634,
0.00000,1.15018,1.15018,0.57509,0.95843,0.44756,0.74004,
0.00000,1.15291,1.15291,0.57645,0.96071,0.44975,0.74373,
0.00000,1.15563,1.15563,0.57782,0.96298,0.45194,0.74741,
0.00000,1.15835,1.15835,0.57917,0.96524,0.45412,0.75109,
0.00000,1.16106,1.16106,0.58053,0.96750,0.45630,0.75476,
0.00000,1.16377,1.16377,0.58188,0.96976,0.45847,0.75842,
0.00000,1.16647,1.16647,0.58323,0.97201,0.46064,0.76207,
0.00000,1.16916,1.16916,0.58458,0.97425,0.46280,0.76571,
0.00000,1.17185,1.17185,0.58592,0.97649,0.46496,0.76935,
0.00000,1.17453,1.17453,0.58727,0.97873,0.46712,0.77298,
0.00000,1.17721,1.17721,0.58860,0.98096,0.46927,0.77660,
0.00000,1.17988,1.17988,0.58994,0.98318,0.47141,0.78021,
0.00000,1.18254,1.18254,0.59127,0.98540,0.47355,0.78381,
0.00000,1.18520,1.18520,0.59260,0.98762,0.47568,0.78741,
0.00000,1.18785,1.18785,0.59393,0.98983,0.47781,0.79099,
0.00000,1.19050,1.19050,0.59525,0.99203,0.47994,0.79457,
0.00000,1.19313,1.19313,0.59657,0.99423,0.48206,0.79814,
0.00000,1.19577,1.19577,0.59788,0.99643,0.48417,0.80170,
0.00000,1.19839,1.19839,0.59920,0.99862,0.48628,0.80526,
0.00000,1.20101,1.20101,0.60051,1.00080,0.48839,0.80880,
0.00000,1.20363,1.20363,0.60181,1.00298,0.49049,0.81234,
0.00000,1.20624,1.20624,0.60312,1.00515,0.49258,0.81586,
0.00000,1.20884,1.20884,0.60442,1.00732,0.49467,0.81938,
0.00000,1.21143,1.21143,0.60572,1.00948,0.49675,0.82289,
0.00000,1.21402,1.21402,0.60701,1.01164,0.49883,0.82639,
0.00000,1.21660,1.21660,0.60830,1.01379,0.50091,0.82988,
0.00000,1.21917,1.21917,0.60959,1.01594,0.50297,0.83337,
0.00000,1.22174,1.22174,0.61087,1.01808,0.50504,0.83684,
0.00000,1.22430,1.22430,0.61215,1.02021,0.50709,0.84030,
0.00000,1.22686,1.22686,0.61343,1.02234,0.50914,0.84376,
0.00000,1.22940,1.22940,0.61470,1.02446,0.51119,0.84720,
0.00000,1.23195,1.23195,0.61597,1.02658,0.51323,0.85064,
0.00000,1.23448,1.23448,0.61724,1.02869,0.51527,0.85407,
0.00000,1.23701,1.23701,0.61850,1.03080,0.51730,0.85749,
0.00000,1.23953,1.23953,0.61976,1.03290,0.51932,0.86089,
0.00000,1.24204,1.24204,0.62102,1.03499,0.52134,0.86429,
0.00000,1.24454,1.24454,0.62227,1.03708,0.52335,0.86768,
0.00000,1.24704,1.24704,0.62352,1.03916,0.52536,0.87106,
0.00000,1.24954,1.24954,0.62477,1.04124,0.52736,0.87443,
0.00000,1.25202,1.25202,0.62601,1.04331,0.52936,0.87779,
0.00000,1.25450,1.25450,0.62725,1.04538,0.53135,0.88115,
0.00000,1.25697,1.25697,0.62848,1.04743,0.53333,0.88449,
0.00000,1.25943,1.25943,0.62971,1.04949,0.53531,0.88782,
0.00000,1.26189,1.26189,0.63094,1.05153,0.53728,0.89114,
0.00000,1.26433,1.26433,0.63217,1.05357,0.53925,0.89445,
0.00000,1.26677,1.26677,0.63339,1.05561,0.54121,0.89775,
0.00000,1.26921,1.26921,0.63460,1.05764,0.54316,0.90104,
0.00000,1.27163,1.27163,0.63582,1.05966,0.54511,0.90433,
0.00000,1.27405,1.27405,0.63703,1.06167,0.54705,0.90760,
0.00000,1.27646,1.27646,0.63823,1.06368,0.54899,0.91086,
0.00000,1.27887,1.27887,0.63943,1.06569,0.55092,0.91411,
0.00000,1.28126,1.28126,0.64063,1.06768,0.55284,0.91735,
0.00000,1.28365,1.28365,0.64182,1.06967,0.55476,0.92058,
0.00000,1.28603,1.28603,0.64301,1.07166,0.55667,0.92380,
0.00000,1.28840,1.28840,0.64420,1.07363,0.55858,0.92701,
0.00000,1.29077,1.29077,0.64538,1.07561,0.56048,0.93021,
0.00000,1.29312,1.29312,0.64656,1.07757,0.56237,0.93340,
0.00000,1.29547,1.29547,0.64774,1.07953,0.56426,0.93657,
0.00000,1.29781,1.29781,0.64891,1.08148,0.56614,0.93974,
0.00000,1.30015,1.30015,0.65007,1.08342,0.56801,0.94290,
0.00000,1.30247,1.30247,0.65124,1.08536,0.56988,0.94604,
0.00000,1.30479,1.30479,0.65240,1.08729,0.57174,0.94918,
0.00000,1.30710,1.30710,0.65355,1.08922,0.57360,0.95230,
0.00000,1.30940,1.30940,0.65470,1.09114,0.57545,0.95541,
0.00000,1.31170,1.31170,0.65585,1.09305,0.57729,0.95852,
0.00000,1.31398,1.31398,0.65699,1.09495,0.57912,0.96161,
0.00000,1.31626,1.31626,0.65813,1.09685,0.58095,0.96469,
0.00000,1.31853,1.31853,0.65926,1.09874,0.58277,0.96776,
0.00000,1.32079,1.32079,0.66039,1.10063,0.58459,0.97082,
0.00000,1.32304,1.32304,0.66152,1.10250,0.58640,0.97386,
0.00000,1.32528,1.32528,0.66264,1.10437,0.58820,0.97690,
0.00000,1.32752,1.32752,0.66376,1.10624,0.59000,0.97992,
0.00000,1.32975,1.32975,0.66487,1.10809,0.59179,0.98294,
0.00000,1.33197,1.33197,0.66598,1.10994,0.59357,0.98594,
0.00000,1.33418,1.33418,0.66709,1.11179,0.59534,0.98893,
0.00000,1.33638,1.33638,0.66819,1.11362,0.59711,0.99191,
0.00000,1.33857,1.33857,0.66929,1.11545,0.59888,0.99487,
0.00000,1.34076,1.34076,0.67038,1.11727,0.60063,0.99783,
0.00000,1.34294,1.34294,0.67147,1.11908,0.60238,1.00077,
0.00000,1.34510,1.34510,0.67255,1.12089,0.60412,1.00371,
0.00000,1.34726,1.34726,0.67363,1.12269,0.60585,1.00663,
0.00000,1.34941,1.34941,0.67471,1.12448,0.60758,1.00954,
0.00000,1.35156,1.35156,0.67578,1.12627,0.60930,1.01243,
0.00000,1.35369,1.35369,0.67684,1.12805,0.61102,1.01532,
0.00000,1.35581,1.35581,0.67791,1.12982,0.61272,1.01819,
0.00000,1.35793,1.35793,0.67896,1.13158,0.61442,1.02106,
0.00000,1.36004,1.36004,0.68002,1.13334,0.61611,1.02391,
0.00000,1.36213,1.36213,0.68107,1.13509,0.61780,1.02674,
0.00000,1.36422,1.36422,0.68211,1.13683,0.61948,1.02957,
0.00000,1.36630,1.36630,0.68315,1.13856,0.62115,1.03238,
0.00000,1.36837,1.36837,0.68419,1.14029,0.62281,1.03519,
0.00000,1.37044,1.37044,0.68522,1.14201,0.62447,1.03797,
0.00000,1.37249,1.37249,0.68624,1.14372,0.62612,1.04075,
0.00000,1.37453,1.37453,0.68727,1.14542,0.62776,1.04352,
0.00000,1.37657,1.37657,0.68828,1.14712,0.62939,1.04627,
0.00000,1.37860,1.37860,0.68930,1.14881,0.63102,1.04901,
0.00000,1.38061,1.38061,0.69031,1.15049,0.63264,1.05174,
0.00000,1.38262,1.38262,0.69131,1.15216,0.63425,1.05445,
0.00000,1.38462,1.38462,0.69231,1.15383,0.63586,1.05716,
0.00000,1.38661,1.38661,0.69330,1.15548,0.63746,1.05985,
0.00000,1.38859,1.38859,0.69429,1.15713,0.63905,1.06253,
0.00000,1.39056,1.39056,0.69528,1.15878,0.64063,1.06519,
0.00000,1.39252,1.39252,0.69626,1.16041,0.64221,1.06785,
0.00000,1.39447,1.39447,0.69724,1.16204,0.64377,1.07049,
0.00000,1.39641,1.39641,0.69821,1.16366,0.64533,1.07311,
0.00000,1.39835,1.39835,0.69917,1.16527,0.64689,1.07573,
0.00000,1.40027,1.40027,0.70014,1.16687,0.64843,1.07833,
0.00000,1.40218,1.40218,0.70109,1.16847,0.64997,1.08092,
0.00000,1.40409,1.40409,0.70204,1.17005,0.65150,1.08350,
0.00000,1.40598,1.40598,0.70299,1.17163,0.65302,1.08606,
0.00000,1.40787,1.40787,0.70394,1.17321,0.65454,1.08861,
0.00000,1.40975,1.40975,0.70487,1.17477,0.65604,1.09115,
0.00000,1.41161,1.41161,0.70581,1.17632,0.65754,1.09367,
0.00000,1.41347,1.41347,0.70673,1.17787,0.65903,1.09618,
0.00000,1.41532,1.41532,0.70766,1.17941,0.66052,1.09868,
0.00000,1.41715,1.41715,0.70858,1.18094,0.66199,1.10117,
0.00000,1.41898,1.41898,0.70949,1.18247,0.66346,1.10364,
0.00000,1.42080,1.42080,0.71040,1.18398,0.66492,1.10610,
0.00000,1.42261,1.42261,0.71130,1.18549,0.66637,1.10854,
0.00000,1.42440,1.42440,0.71220,1.18699,0.66782,1.11098,
0.00000,1.42619,1.42619,0.71310,1.18848,0.66925,1.11340,
0.00000,1.42797,1.42797,0.71399,1.18996,0.67068,1.11580,
0.00000,1.42974,1.42974,0.71487,1.19143,0.67210,1.11819,
0.00000,1.43150,1.43150,0.71575,1.19290,0.67351,1.12057,
0.00000,1.43325,1.43325,0.71662,1.19436,0.67492,1.12294,
0.00000,1.43499,1.43499,0.71749,1.19580,0.67631,1.12529,
0.00000,1.43671,1.43671,0.71836,1.19725,0.67770,1.12763,
0.00000,1.43843,1.43843,0.71922,1.19868,0.67908,1.12995,
0.00000,1.44014,1.44014,0.72007,1.20010,0.68046,1.13226,
0.00000,1.44184,1.44184,0.72092,1.20152,0.68182,1.13456,
0.00000,1.44353,1.44353,0.72176,1.20292,0.68318,1.13684,
0.00000,1.44521,1.44521,0.72260,1.20432,0.68452,1.13911,
0.00000,1.44687,1.44687,0.72344,1.20571,0.68586,1.14137,
0.00000,1.44853,1.44853,0.72427,1.20709,0.68719,1.14361,
0.00000,1.45018,1.45018,0.72509,1.20847,0.68852,1.14584,
0.00000,1.45182,1.45182,0.72591,1.20983,0.68983,1.14806,
0.00000,1.45344,1.45344,0.72672,1.21119,0.69114,1.15026,
0.00000,1.45506,1.45506,0.72753,1.21254,0.69244,1.15244,
0.00000,1.45667,1.45667,0.72833,1.21387,0.69373,1.15462,
0.00000,1.45826,1.45826,0.72913,1.21521,0.69501,1.15677,
0.00000,1.45985,1.45985,0.72992,1.21653,0.69628,1.15892,
0.00000,1.46142,1.46142,0.73071,1.21784,0.69755,1.16105,
0.00000,1.46299,1.46299,0.73149,1.21914,0.69881,1.16317,
0.00000,1.46454,1.46454,0.73227,1.22044,0.70005,1.16527,
0.00000,1.46609,1.46609,0.73304,1.22173,0.70129,1.16736,
0.00000,1.46762,1.46762,0.73381,1.22300,0.70253,1.16943,
0.00000,1.46914,1.46914,0.73457,1.22427,0.70375,1.17149,
0.00000,1.47065,1.47065,0.73533,1.22553,0.70496,1.17354,
0.00000,1.47216,1.47216,0.73608,1.22679,0.70617,1.17557,
0.00000,1.47365,1.47365,0.73682,1.22803,0.70737,1.17759,
0.00000,1.47513,1.47513,0.73756,1.22926,0.70856,1.17959,
0.00000,1.47660,1.47660,0.73830,1.23049,0.70974,1.18158,
0.00000,1.47806,1.47806,0.73903,1.23170,0.71091,1.18355,
0.00000,1.47951,1.47951,0.73975,1.23291,0.71207,1.18551,
0.00000,1.48094,1.48094,0.74047,1.23411,0.71323,1.18746,
0.00000,1.48237,1.48237,0.74119,1.23530,0.71437,1.18939,
0.00000,1.48379,1.48379,0.74189,1.23648,0.71551,1.19130,
0.00000,1.48519,1.48519,0.74260,1.23765,0.71664,1.19320,
0.00000,1.48659,1.48659,0.74329,1.23881,0.71776,1.19509,
0.00000,1.48797,1.48797,0.74399,1.23997,0.71887,1.19696,
0.00000,1.48935,1.48935,0.74467,1.24111,0.71998,1.19882,
0.00000,1.49071,1.49071,0.74535,1.24225,0.72107,1.20066,
0.00000,1.49206,1.49206,0.74603,1.24337,0.72216,1.20249,
0.00000,1.49340,1.49340,0.74670,1.24449,0.72323,1.20430,
0.00000,1.49473,1.49473,0.74736,1.24560,0.72430,1.20610,
0.00000,1.49605,1.49605,0.74802,1.24670,0.72536,1.20789,
0.00000,1.49736,1.49736,0.74868,1.24779,0.72641,1.20965,
0.00000,1.49865,1.49865,0.74933,1.24887,0.72745,1.21141,
0.00000,1.49994,1.49994,0.74997,1.24994,0.72848,1.21315,
0.00000,1.50121,1.50121,0.75061,1.25100,0.72951,1.21487,
0.00000,1.50248,1.50248,0.75124,1.25206,0.73052,1.21658,
0.00000,1.50373,1.50373,0.75186,1.25310,0.73153,1.21828,
0.00000,1.50497,1.50497,0.75249,1.25413,0.73253,1.21996,
0.00000,1.50620,1.50620,0.75310,1.25516,0.73351,1.22162,
0.00000,1.50742,1.50742,0.75371,1.25618,0.73449,1.22327,
0.00000,1.50863,1.50863,0.75431,1.25718,0.73546,1.22490,
0.00000,1.50983,1.50983,0.75491,1.25818,0.73643,1.22652,
0.00000,1.51101,1.51101,0.75551,1.25917,0.73738,1.22813,
0.00000,1.51219,1.51219,0.75609,1.26015,0.73832,1.22972,
0.00000,1.51335,1.51335,0.75667,1.26112,0.73926,1.23129,
0.00000,1.51450,1.51450,0.75725,1.26208,0.74018,1.23285,
0.00000,1.51564,1.51564,0.75782,1.26303,0.74110,1.23439,
0.00000,1.51677,1.51677,0.75839,1.26397,0.74201,1.23592,
0.00000,1.51789,1.51789,0.75895,1.26490,0.74290,1.23743,
0.00000,1.51900,1.51900,0.75950,1.26583,0.74379,1.23893,
0.00000,1.52009,1.52009,0.76005,1.26674,0.74467,1.24041,
0.00000,1.52118,1.52118,0.76059,1.26764,0.74555,1.24188,
0.00000,1.52225,1.52225,0.76113,1.26854,0.74641,1.24333,
0.00000,1.52331,1.52331,0.76166,1.26942,0.74726,1.24477,
0.00000,1.52436,1.52436,0.76218,1.27030,0.74810,1.24619,
0.00000,1.52540,1.52540,0.76270,1.27116,0.74894,1.24759,
0.00000,1.52643,1.52643,0.76322,1.27202,0.74976,1.24898,
0.00000,1.52745,1.52745,0.76372,1.27287,0.75058,1.25036,
0.00000,1.52845,1.52845,0.76423,1.27370,0.75139,1.25172,
0.00000,1.52945,1.52945,0.76472,1.27453,0.75218,1.25306,
0.00000,1.53043,1.53043,0.76521,1.27535,0.75297,1.25439,
0.00000,1.53140,1.53140,0.76570,1.27616,0.75375,1.25570,
0.00000,1.53236,1.53236,0.76618,1.27696,0.75452,1.25700,
0.00000,1.53330,1.53330,0.76665,1.27775,0.75528,1.25828,
0.00000,1.53424,1.53424,0.76712,1.27853,0.75604,1.25955,
0.00000,1.53516,1.53516,0.76758,1.27930,0.75678,1.26080,
0.00000,1.53608,1.53608,0.76804,1.28006,0.75751,1.26203,
0.00000,1.53698,1.53698,0.76849,1.28081,0.75823,1.26325,
0.00000,1.53787,1.53787,0.76893,1.28155,0.75895,1.26445,
0.00000,1.53874,1.53874,0.76937,1.28228,0.75965,1.26564,
0.00000,1.53961,1.53961,0.76981,1.28301,0.76035,1.26681,
0.00000,1.54047,1.54047,0.77023,1.28372,0.76104,1.26797,
0.00000,1.54131,1.54131,0.77065,1.28442,0.76171,1.26911,
0.00000,1.54214,1.54214,0.77107,1.28511,0.76238,1.27023,
0.00000,1.54296,1.54296,0.77148,1.28580,0.76304,1.27134,
0.00000,1.54377,1.54377,0.77188,1.28647,0.76369,1.27244,
0.00000,1.54456,1.54456,0.77228,1.28713,0.76433,1.27351,
0.00000,1.54535,1.54535,0.77267,1.28779,0.76496,1.27457,
0.00000,1.54612,1.54612,0.77306,1.28843,0.76558,1.27562,
0.00000,1.54688,1.54688,0.77344,1.28907,0.76619,1.27665,
0.00000,1.54763,1.54763,0.77382,1.28969,0.76679,1.27766,
0.00000,1.54837,1.54837,0.77418,1.29031,0.76739,1.27866,
0.00000,1.54910,1.54910,0.77455,1.29091,0.76797,1.27964,
0.00000,1.54981,1.54981,0.77490,1.29151,0.76854,1.28061,
0.00000,1.55051,1.55051,0.77526,1.29209,0.76911,1.28156,
0.00000,1.55120,1.55120,0.77560,1.29267,0.76966,1.28249,
0.00000,1.55188,1.55188,0.77594,1.29323,0.77021,1.28341,
0.00000,1.55255,1.55255,0.77627,1.29379,0.77074,1.28431,
0.00000,1.55320,1.55320,0.77660,1.29433,0.77127,1.28520,
0.00000,1.55385,1.55385,0.77692,1.29487,0.77178,1.28607,
0.00000,1.55448,1.55448,0.77724,1.29540,0.77229,1.28692,
0.00000,1.55510,1.55510,0.77755,1.29591,0.77279,1.28776,
0.00000,1.55571,1.55571,0.77785,1.29642,0.77328,1.28858,
0.00000,1.55630,1.55630,0.77815,1.29692,0.77376,1.28939,
0.00000,1.55688,1.55688,0.77844,1.29740,0.77422,1.29018,
0.00000,1.55746,1.55746,0.77873,1.29788,0.77468,1.29095,
0.00000,1.55802,1.55802,0.77901,1.29835,0.77513,1.29171,
0.00000,1.55856,1.55856,0.77928,1.29880,0.77557,1.29245,
0.00000,1.55910,1.55910,0.77955,1.29925,0.77600,1.29318,
0.00000,1.55963,1.55963,0.77981,1.29969,0.77643,1.29389,
0.00000,1.56014,1.56014,0.78007,1.30011,0.77684,1.29458,
0.00000,1.56064,1.56064,0.78032,1.30053,0.77724,1.29526,
0.00000,1.56113,1.56113,0.78056,1.30094,0.77763,1.29592,
0.00000,1.56160,1.56160,0.78080,1.30133,0.77801,1.29656,
0.00000,1.56207,1.56207,0.78103,1.30172,0.77839,1.29719,
0.00000,1.56252,1.56252,0.78126,1.30210,0.77875,1.29780,
0.00000,1.56296,1.56296,0.78148,1.30247,0.77910,1.29840,
0.00000,1.56339,1.56339,0.78169,1.30282,0.77945,1.29898,
0.00000,1.56381,1.56381,0.78190,1.30317,0.77978,1.29954,
0.00000,1.56421,1.56421,0.78211,1.30351,0.78011,1.30009,
0.00000,1.56460,1.56460,0.78230,1.30384,0.78042,1.30062,
0.00000,1.56498,1.56498,0.78249,1.30415,0.78073,1.30113,
0.00000,1.56535,1.56535,0.78268,1.30446,0.78103,1.30163,
0.00000,1.56571,1.56571,0.78285,1.30476,0.78131,1.30212,
0.00000,1.56605,1.56605,0.78303,1.30504,0.78159,1.30258,
0.00000,1.56639,1.56639,0.78319,1.30532,0.78186,1.30303,
0.00000,1.56671,1.56671,0.78335,1.30559,0.78211,1.30346,
0.00000,1.56701,1.56701,0.78351,1.30584,0.78236,1.30388,
0.00000,1.56731,1.56731,0.78366,1.30609,0.78260,1.30428,
0.00000,1.56759,1.56759,0.78380,1.30633,0.78283,1.30467,
0.00000,1.56787,1.56787,0.78393,1.30656,0.78305,1.30503,
0.00000,1.56813,1.56813,0.78406,1.30677,0.78325,1.30539,
0.00000,1.56838,1.56838,0.78419,1.30698,0.78345,1.30572,
0.00000,1.56861,1.56861,0.78431,1.30718,0.78364,1.30604,
0.00000,1.56884,1.56884,0.78442,1.30736,0.78382,1.30634,
0.00000,1.56905,1.56905,0.78452,1.30754,0.78399,1.30663,
0.00000,1.56925,1.56925,0.78462,1.30771,0.78415,1.30690,
0.00000,1.56943,1.56943,0.78472,1.30786,0.78430,1.30715,
0.00000,1.56961,1.56961,0.78480,1.30801,0.78445,1.30739,
0.00000,1.56977,1.56977,0.78489,1.30814,0.78458,1.30761,
0.00000,1.56992,1.56992,0.78496,1.30827,0.78470,1.30782,
0.00000,1.57006,1.57006,0.78503,1.30839,0.78481,1.30801,
0.00000,1.57019,1.57019,0.78510,1.30849,0.78491,1.30818,
0.00000,1.57031,1.57031,0.78515,1.30859,0.78500,1.30833,
0.00000,1.57041,1.57041,0.78520,1.30867,0.78509,1.30847,
0.00000,1.57050,1.57050,0.78525,1.30875,0.78516,1.30860,
0.00000,1.57058,1.57058,0.78529,1.30882,0.78522,1.30870,
0.00000,1.57064,1.57064,0.78532,1.30887,0.78528,1.30879,
0.00000,1.57070,1.57070,0.78535,1.30892,0.78532,1.30887,
0.00000,1.57074,1.57074,0.78537,1.30895,0.78535,1.30892,
0.00000,1.57077,1.57077,0.78539,1.30898,0.78538,1.30896,
0.00000,1.57079,1.57079,0.78540,1.30899,0.78539,1.30899,
